03 07 2022 18 58 52.000     1     1 00000000 01100000  13.2 1487.5  96.8   0.5  -2.0   0.618  21.73     0     0 3  19
  1   0.060   0.670  -0.950  -0.149 138.0 137.0 140.0  35.0  87.0  50.0   1.162  144.81 0 0 0 0 0 0
  2   0.070  -0.200  -0.142   0.134 126.0 124.0 130.0  94.0  32.0  56.0   0.245  234.63 0 0 0 0 0 0
  3   0.080   0.100  -0.005  -0.005 118.0 111.0 122.0  95.0  38.0  35.0   0.100   92.86 0 0 0 0 0 0
  4   0.090  -0.002   0.024  -0.002 110.0  98.0 129.0  79.0  50.0  99.0   0.024  355.24 0 0 0 0 0 0
  5   0.100  -0.087  -0.111   0.048 113.0  90.0 120.0  99.0  51.0  96.0   0.141  218.09 0 0 0 0 0 0
  6   0.110   0.016  -0.022   0.000 116.0  87.0 109.0  99.0  80.0  81.0   0.027  143.97 0 0 0 0 0 0
  7   0.120   0.015  -0.051  -0.004 114.0  85.0  97.0  76.0  71.0  54.0   0.053  163.61 0 0 0 0 0 0
  8   0.130   0.045  -0.024   0.005 112.0  84.0  89.0  93.0  74.0  79.0   0.051  118.07 0 0 0 0 0 0
  9   0.140   0.072  -0.019   0.002 113.0  86.0  83.0  93.0  70.0  91.0   0.074  104.78 0 0 0 0 0 0
 10   0.150   0.049  -0.084   0.005 113.0  93.0  78.0  94.0  95.0  60.0   0.097  149.74 0 0 0 0 0 0
 11   0.160   0.012   0.040   0.020 114.0  94.0  73.0  97.0  92.0  79.0   0.042   16.70 0 0 0 0 0 0
 12   0.170   0.042   0.007   0.008 114.0  92.0  86.0  95.0  74.0 100.0   0.043   80.54 0 0 0 0 0 0
 13   0.180   0.044   0.031  -0.006 112.0  90.0  92.0  93.0  35.0 100.0   0.054   54.83 0 0 0 0 0 0
 14   0.190   0.027  -0.006   0.011 111.0  94.0  90.0  94.0  99.0  97.0   0.028  102.53 0 0 0 0 0 0
 15   0.200   0.001   0.016   0.012 110.0  95.0  91.0  81.0  93.0  97.0   0.016    3.58 0 0 0 0 0 0
 16   0.210   0.092   0.025  -0.019 109.0  97.0  96.0  66.0  77.0  91.0   0.095   74.80 0 0 0 0 0 0
 17   0.220  -0.038   0.034  -0.004 106.0 101.0  91.0  45.0  70.0  30.0   0.051  311.82 0 0 0 0 0 0
 18   0.230   0.116  -0.004   0.039  99.0 113.0  82.0  29.0  97.0  40.0   0.116   91.97 0 0 0 0 0 0
 19   0.240   0.028   0.010  -0.001 100.0 117.0  85.0  47.0  63.0  99.0   0.030   70.35 0 0 0 0 0 0
03 07 2022 19 03 52.000     1   301 00000000 01110000  13.2 1487.5  96.7   0.5  -2.0   0.626  21.73     0     0 3  19
  1   0.060  -0.102   0.029  -0.006 138.0 140.0 145.0  63.0  96.0  99.0   0.106  285.87 0 0 0 0 0 0
  2   0.070   0.150   0.025   0.056 127.0 134.0 142.0  64.0  95.0  99.0   0.152   80.54 0 0 0 0 0 0
  3   0.080  -0.023   0.103   0.010 117.0 129.0 140.0  76.0  92.0  67.0   0.106  347.41 0 0 0 0 0 0
  4   0.090  -0.013   0.026   0.008 107.0 118.0 129.0  84.0  86.0  88.0   0.029  333.43 0 0 0 0 0 0
  5   0.100   0.007   0.052   0.002 103.0 112.0 118.0  81.0  96.0  69.0   0.052    7.67 0 0 0 0 0 0
  6   0.110   0.357   0.472  -0.152 100.0 108.0 113.0  82.0   5.0  57.0   0.592   37.10 0 0 0 0 0 0
  7   0.120  -0.048   0.024   0.020  98.0 105.0 112.0  90.0  60.0  81.0   0.054  296.57 0 0 0 0 0 0
  8   0.130   0.052  -0.342  -0.038  97.0 102.0 108.0  54.0  27.0  19.0   0.346  171.35 0 0 0 0 0 0
  9   0.140   0.028  -0.399  -0.123  93.0 100.0 104.0  33.0  81.0  12.0   0.400  175.99 0 0 0 0 0 0
 10   0.150   0.101  -0.025  -0.004  93.0  98.0 101.0  56.0  73.0  47.0   0.104  103.90 0 0 0 0 0 0
 11   0.160  -0.156   0.478   0.096 104.0  93.0  93.0  87.0  59.0  11.0   0.503  341.93 0 0 0 0 0 0
 12   0.170  -0.050   0.073   0.021 112.0  92.0  88.0  23.0  68.0  21.0   0.088  325.59 0 0 0 0 0 0
 13   0.180   0.830   0.467  -0.054 110.0  91.0 102.0  23.0   3.0  98.0   0.952   60.64 0 0 0 0 0 0
 14   0.190   0.107  -0.029   0.042 107.0  93.0 115.0  25.0  89.0 100.0   0.111  105.16 0 0 0 0 0 0
 15   0.200  -0.045  -0.046   0.014 101.0  93.0 119.0  57.0  57.0  98.0   0.064  224.37 0 0 0 0 0 0
 16   0.210   0.109   0.043   0.002  94.0  93.0 114.0  56.0  29.0  85.0   0.117   68.47 0 0 0 0 0 0
 17   0.220   0.224   0.078   0.017  89.0  94.0 109.0  22.0  53.0  84.0   0.237   70.80 0 0 0 0 0 0
 18   0.230  -0.001   0.000   0.006  89.0  90.0 109.0  44.0  24.0  75.0   0.001  270.00 0 0 0 0 0 0
 19   0.240   0.074  -0.108   0.098  89.0  91.0 104.0  48.0  46.0  71.0   0.131  145.58 0 0 0 0 0 0
03 07 2022 19 08 52.000     1   601 00000000 01110000  13.2 1487.5  96.7   0.5  -1.9   0.635  21.72     0     0 3  19
  1   0.060  -0.245   0.141   0.041 138.0 136.0 141.0  14.0  21.0  16.0   0.283  299.92 0 0 0 0 0 0
  2   0.070  -0.047   0.141  -0.059 126.0 126.0 134.0  47.0  24.0  97.0   0.149  341.57 0 0 0 0 0 0
  3   0.080  -0.057   0.006   0.008 116.0 119.0 134.0  49.0  57.0  95.0   0.057  276.01 0 0 0 0 0 0
  4   0.090   0.060   0.065  -0.010 107.0 110.0 136.0  86.0  33.0  95.0   0.088   42.71 0 0 0 0 0 0
  5   0.100   0.125   0.146  -0.034 100.0 104.0 129.0  64.0  40.0  81.0   0.192   40.57 0 0 0 0 0 0
  6   0.110  -0.035   0.112  -0.016  95.0 102.0 121.0  52.0  43.0  52.0   0.117  342.65 0 0 0 0 0 0
  7   0.120  -0.001  -0.024   0.041  93.0 102.0 114.0  54.0  12.0  73.0   0.024  182.39 0 0 0 0 0 0
  8   0.130   0.059  -0.017   0.002  92.0 102.0 107.0  24.0  47.0  84.0   0.061  106.07 0 0 0 0 0 0
  9   0.140   0.132  -0.007  -0.002  92.0 101.0 100.0  43.0  55.0  82.0   0.132   93.04 0 0 0 0 0 0
 10   0.150  -0.069  -0.121   0.031  93.0 101.0  94.0  96.0  43.0  94.0   0.139  209.69 0 0 0 0 0 0
 11   0.160  -0.011   0.013  -0.009  88.0 100.0  88.0  68.0  17.0  79.0   0.017  319.76 0 0 0 0 0 0
 12   0.170  -0.755   0.098  -0.193  83.0  98.0  85.0   4.0  32.0  91.0   0.761  277.40 0 0 0 0 0 0
 13   0.180  -0.041  -0.026   0.042  81.0  97.0  82.0  23.0  16.0  72.0   0.049  237.62 0 0 0 0 0 0
 14   0.190  -0.057  -0.156   0.090  81.0  96.0  78.0  62.0  22.0  68.0   0.166  200.07 0 0 0 0 0 0
 15   0.200   0.113   0.166  -0.047  84.0  94.0  83.0  93.0  26.0  99.0   0.201   34.24 0 0 0 0 0 0
 16   0.210   0.006  -0.030  -0.003  89.0  91.0  85.0  98.0  32.0  87.0   0.031  168.69 0 0 0 0 0 0
 17   0.220   0.018   0.118  -0.067  89.0  90.0  85.0  34.0  34.0  87.0   0.119    8.67 0 0 0 0 0 0
 18   0.230   0.051   0.018  -0.009  91.0  87.0  82.0  60.0  41.0  56.0   0.054   70.56 0 0 0 0 0 0
 19   0.240  -0.096  -0.161   0.048  93.0  86.0  76.0  78.0  25.0   6.0   0.187  210.81 0 0 0 0 0 0
03 07 2022 19 13 52.000     1   901 00000000 01110000  13.2 1487.5  96.7   0.5  -2.0   0.635  21.73     0     0 3  19
  1   0.060  -0.368   0.009  -0.076 139.0 141.0 141.0   6.0  89.0 100.0   0.368  271.40 0 0 0 0 0 0
  2   0.070   0.292   0.115   0.130 127.0 135.0 130.0   9.0  96.0  23.0   0.314   68.50 0 0 0 0 0 0
  3   0.080  -0.159  -0.093   0.028 117.0 124.0 121.0  28.0  57.0  86.0   0.184  239.68 0 0 0 0 0 0
  4   0.090  -0.001   0.036  -0.029 109.0 111.0 109.0  33.0  52.0  86.0   0.036  358.41 0 0 0 0 0 0
  5   0.100  -0.139  -0.148   0.031  98.0 100.0  99.0  12.0  33.0  91.0   0.203  223.20 0 0 0 0 0 0
  6   0.110   0.642   0.061   0.131  94.0  98.0  93.0   4.0  63.0  74.0   0.645   84.57 0 0 0 0 0 0
  7   0.120   0.015   0.002   0.005  97.0  98.0  92.0  60.0  92.0  92.0   0.015   82.41 0 0 0 0 0 0
  8   0.130  -0.087  -0.008  -0.011  95.0  94.0 100.0  27.0  83.0 100.0   0.087  264.75 0 0 0 0 0 0
  9   0.140   0.022  -0.052   0.025  93.0  92.0  99.0  65.0  78.0  89.0   0.056  157.07 0 0 0 0 0 0
 10   0.150  -0.042   0.036   0.006  92.0  91.0  96.0  67.0  91.0  95.0   0.055  310.60 0 0 0 0 0 0
 11   0.160  -0.035   0.014  -0.010  89.0  89.0  87.0  39.0  87.0  78.0   0.038  291.80 0 0 0 0 0 0
 12   0.170   0.038   0.032  -0.015  89.0  90.0  82.0  58.0  88.0  77.0   0.050   49.90 0 0 0 0 0 0
 13   0.180   0.438   0.002   0.077  88.0  91.0  79.0   8.0  73.0  78.0   0.438   89.74 0 0 0 0 0 0
 14   0.190  -0.097  -0.006  -0.015  87.0  90.0  77.0  35.0  74.0  65.0   0.097  266.46 0 0 0 0 0 0
 15   0.200  -0.003  -0.044   0.017  87.0  90.0  72.0  49.0  50.0  28.0   0.044  183.90 0 0 0 0 0 0
 16   0.210   0.054  -0.028  -0.002  87.0  88.0  70.0  61.0  72.0  68.0   0.061  117.41 0 0 0 0 0 0
 17   0.220  -0.016   0.007   0.001  90.0  88.0  70.0  99.0  76.0  29.0   0.017  293.63 0 0 0 0 0 0
 18   0.230  -0.083  -0.042  -0.026  84.0  87.0  69.0  45.0  69.0  39.0   0.093  243.16 0 0 0 0 0 0
 19   0.240  -0.051   0.337   0.083  79.0  86.0  67.0  35.0  44.0  10.0   0.341  351.39 0 0 0 0 0 0
03 07 2022 19 18 52.000     1  1201 00000000 01110000  13.2 1487.5  96.7   0.5  -2.0   0.640  21.73     0     0 3  19
  1   0.060   0.134  -0.014   0.032 139.0 138.0 140.0  82.0  90.0  50.0   0.135   95.96 0 0 0 0 0 0
  2   0.070   0.021   0.056  -0.009 130.0 127.0 130.0  99.0  50.0  79.0   0.060   20.56 0 0 0 0 0 0
  3   0.080   0.014   0.059  -0.011 124.0 118.0 120.0  96.0  75.0  63.0   0.061   13.35 0 0 0 0 0 0
  4   0.090  -0.038   0.035  -0.017 109.0 107.0 108.0  49.0  56.0  65.0   0.052  312.65 0 0 0 0 0 0
  5   0.100   0.039   0.014  -0.005  99.0 100.0 103.0  79.0  66.0  84.0   0.041   70.25 0 0 0 0 0 0
  6   0.110  -0.020   0.024  -0.004 100.0  96.0  99.0  82.0  64.0  81.0   0.031  320.19 0 0 0 0 0 0
  7   0.120  -0.004  -0.047   0.003 103.0  96.0  93.0  90.0  68.0  76.0   0.047  184.86 0 0 0 0 0 0
  8   0.130   0.055   0.077  -0.018 103.0  94.0  90.0  88.0  42.0  87.0   0.095   35.54 0 0 0 0 0 0
  9   0.140   0.140   0.167  -0.065 100.0  92.0  87.0  86.0  23.0  71.0   0.218   39.97 0 0 0 0 0 0
 10   0.150  -0.038  -0.024  -0.002  98.0  94.0  90.0  92.0  67.0  99.0   0.045  237.72 0 0 0 0 0 0
 11   0.160   0.058  -0.002  -0.040  89.0  96.0  92.0  40.0  23.0  60.0   0.058   91.97 0 0 0 0 0 0
 12   0.170   0.415   0.172  -0.027  84.0  93.0  89.0  24.0  34.0  83.0   0.449   67.49 0 0 0 0 0 0
 13   0.180  -0.029  -0.035  -0.013  83.0  93.0  85.0  77.0  49.0  78.0   0.045  219.64 0 0 0 0 0 0
 14   0.190  -0.177  -0.235   0.045  82.0  92.0  82.0  78.0  35.0  88.0   0.294  216.99 0 0 0 0 0 0
 15   0.200  -0.044  -0.092   0.009  81.0  91.0  82.0  71.0  18.0  88.0   0.102  205.56 0 0 0 0 0 0
 16   0.210  -0.220   0.280   0.018  79.0  91.0  78.0  43.0  31.0  17.0   0.356  321.84 0 0 0 0 0 0
 17   0.220   0.106   0.588  -0.021  76.0  90.0  75.0  60.0  17.0  52.0   0.597   10.22 0 0 0 0 0 0
 18   0.230  -0.042   0.151   0.044  75.0  89.0  71.0  40.0  15.0  15.0   0.157  344.46 0 0 0 0 0 0
 19   0.240  -0.261   0.612   0.170  81.0  92.0  67.0  36.0  66.0  10.0   0.665  336.90 0 0 0 0 0 0
03 07 2022 19 23 52.000     1  1501 00000000 01110000  13.2 1487.5  96.6   0.5  -1.9   0.636  21.74     0     0 3  19
  1   0.060   0.029  -0.028   0.018 138.0 138.0 140.0  83.0  54.0  50.0   0.040  133.99 0 0 0 0 0 0
  2   0.070  -0.251  -0.179  -0.076 125.0 127.0 130.0  20.0   7.0  32.0   0.308  234.51 0 0 0 0 0 0
  3   0.080  -0.380  -0.190   0.003 113.0 117.0 119.0  20.0  24.0  53.0   0.425  243.43 0 0 0 0 0 0
  4   0.090  -0.178   0.001  -0.031 100.0 112.0 105.0  11.0  45.0  76.0   0.178  270.32 0 0 0 0 0 0
  5   0.100   0.045   0.081   0.025  94.0 107.0  97.0  24.0  52.0  64.0   0.093   29.05 0 0 0 0 0 0
  6   0.110   0.057   0.082  -0.013  89.0 100.0 100.0  33.0  19.0  99.0   0.100   34.80 0 0 0 0 0 0
  7   0.120  -0.248  -0.140   0.062  85.0  96.0  97.0  35.0  16.0  74.0   0.285  240.55 0 0 0 0 0 0
  8   0.130   0.050   0.000  -0.011  88.0  93.0  92.0  74.0  46.0  80.0   0.050   90.00 0 0 0 0 0 0
  9   0.140   0.201   0.290  -0.080  96.0  91.0  86.0 100.0  22.0  73.0   0.353   34.73 0 0 0 0 0 0
 10   0.150   0.071  -0.085   0.002  95.0  92.0  79.0  43.0  71.0  31.0   0.111  140.13 0 0 0 0 0 0
 11   0.160   0.014  -0.006   0.008  89.0  91.0  81.0  33.0  57.0  92.0   0.015  113.20 0 0 0 0 0 0
 12   0.170   0.063  -0.080   0.030  90.0  90.0  84.0  79.0  51.0  73.0   0.102  141.78 0 0 0 0 0 0
 13   0.180  -0.051   0.007  -0.009  86.0  89.0  81.0  36.0  43.0  57.0   0.051  277.82 0 0 0 0 0 0
 14   0.190  -0.191   0.092  -0.116  83.0  87.0  78.0  10.0  35.0  65.0   0.212  295.72 0 0 0 0 0 0
 15   0.200   0.054   0.107  -0.032  80.0  85.0  75.0  16.0  29.0  82.0   0.120   26.78 0 0 0 0 0 0
 16   0.210   0.370   0.065   0.032  78.0  82.0  75.0  30.0  32.0  89.0   0.376   80.04 0 0 0 0 0 0
 17   0.220  -0.056  -0.027   0.012  78.0  82.0  73.0  55.0  68.0  62.0   0.062  244.26 0 0 0 0 0 0
 18   0.230   0.105  -0.022   0.013  76.0  92.0  72.0  38.0  82.0  63.0   0.107  101.83 0 0 0 0 0 0
 19   0.240  -0.058  -0.124   0.034  88.0  97.0  73.0  97.0  28.0  38.0   0.137  205.07 0 0 0 0 0 0
03 07 2022 19 28 52.000     1  1801 00000000 01110000  13.2 1487.5  96.7   0.4  -1.9   0.635  21.74     0     0 3  19
  1   0.060  -0.075   0.014   0.034 138.0 138.0 140.0  37.0  39.0 100.0   0.076  280.57 0 0 0 0 0 0
  2   0.070  -0.054  -0.062   0.038 136.0 130.0 131.0  87.0  24.0  95.0   0.082  221.05 0 0 0 0 0 0
  3   0.080  -0.005   0.055   0.012 142.0 126.0 124.0  99.0  91.0  76.0   0.055  354.81 0 0 0 0 0 0
  4   0.090   0.050   0.007   0.025 131.0 118.0 123.0  18.0  80.0  59.0   0.050   82.03 0 0 0 0 0 0
  5   0.100   0.073   0.016   0.027 114.0 110.0 123.0  29.0  79.0  94.0   0.075   77.64 0 0 0 0 0 0
  6   0.110   0.005   0.014  -0.003 109.0 104.0 124.0  85.0  80.0 100.0   0.015   19.65 0 0 0 0 0 0
  7   0.120  -0.020   0.020  -0.005 106.0  99.0 122.0  58.0  73.0  90.0   0.028  315.00 0 0 0 0 0 0
  8   0.130  -0.178   0.067  -0.040  99.0  95.0 117.0   7.0  70.0  96.0   0.190  290.63 0 0 0 0 0 0
  9   0.140  -0.140  -0.089  -0.081  94.0  94.0 106.0  29.0  81.0  45.0   0.166  237.56 0 0 0 0 0 0
 10   0.150   0.012  -0.033  -0.011  89.0  95.0  97.0  61.0  89.0  67.0   0.035  160.02 0 0 0 0 0 0
 11   0.160  -0.029   0.010   0.012  89.0  94.0  90.0  96.0  87.0  77.0   0.031  289.03 0 0 0 0 0 0
 12   0.170   0.011   0.006   0.003  92.0  97.0  88.0  93.0  94.0  63.0   0.013   61.39 0 0 0 0 0 0
 13   0.180   0.065   0.033   0.036  92.0 104.0  85.0  41.0 100.0  86.0   0.073   63.08 0 0 0 0 0 0
 14   0.190  -0.094   0.117   0.001  88.0 106.0  81.0  51.0  98.0  48.0   0.150  321.22 0 0 0 0 0 0
 15   0.200  -0.255   0.513   0.111  86.0 101.0  77.0  91.0  77.0  17.0   0.573  333.57 0 0 0 0 0 0
 16   0.210   0.005   0.145   0.002  96.0  97.0  74.0  99.0  53.0  66.0   0.145    1.97 0 0 0 0 0 0
 17   0.220   0.034   0.013  -0.010 103.0  97.0  73.0 100.0  76.0  87.0   0.036   69.08 0 0 0 0 0 0
 18   0.230   0.149  -0.322  -0.062 101.0  93.0  70.0  70.0  61.0   7.0   0.355  155.17 0 0 0 0 0 0
 19   0.240   0.197   0.334  -0.078 101.0  88.0  70.0  85.0  16.0  29.0   0.388   30.53 0 0 0 0 0 0
03 07 2022 19 33 52.000     1  2101 00000000 01110000  13.2 1487.5  96.6   0.5  -1.9   0.636  21.74     0     0 3  19
  1   0.060   0.173  -0.055   0.096 137.0 138.0 141.0   0.0  17.0 100.0   0.182  107.64 0 0 0 0 0 0
  2   0.070  -0.184   0.293   0.010 125.0 129.0 131.0  63.0  13.0  77.0   0.346  327.87 0 0 0 0 0 0
  3   0.080  -0.116  -0.127   0.029 115.0 120.0 120.0  95.0  16.0  81.0   0.172  222.41 0 0 0 0 0 0
  4   0.090  -0.011  -0.126   0.054 100.0 112.0 103.0  84.0  39.0  62.0   0.126  184.99 0 0 0 0 0 0
  5   0.100  -0.268  -0.227   0.119  89.0 106.0  90.0  56.0  30.0  49.0   0.351  229.73 0 0 0 0 0 0
  6   0.110   0.040   0.118  -0.036  85.0 105.0  85.0  92.0  40.0  80.0   0.125   18.73 0 0 0 0 0 0
  7   0.120  -0.041   0.114   0.034  81.0 107.0  81.0  11.0  71.0  48.0   0.121  340.22 0 0 0 0 0 0
  8   0.130   0.223   0.037   0.072  75.0 106.0  81.0  13.0  46.0  52.0   0.226   80.58 0 0 0 0 0 0
  9   0.140   0.156   0.270  -0.085  70.0 102.0  93.0  32.0   6.0  99.0   0.312   30.02 0 0 0 0 0 0
 10   0.150  -0.317  -0.271   0.073  69.0  98.0 102.0  55.0  25.0  93.0   0.417  229.47 0 0 0 0 0 0
 11   0.160   0.005   0.000   0.007  84.0  92.0 111.0  93.0  28.0  90.0   0.005   90.00 0 0 0 0 0 0
 12   0.170   0.085   0.088  -0.018 100.0  90.0 108.0  99.0  52.0  98.0   0.122   44.01 0 0 0 0 0 0
 13   0.180  -0.010   0.132  -0.071  99.0  89.0 102.0  43.0  58.0  74.0   0.132  355.67 0 0 0 0 0 0
 14   0.190   0.005   0.230  -0.160  91.0  87.0  93.0  14.0  20.0  34.0   0.230    1.25 0 0 0 0 0 0
 15   0.200  -0.012  -0.130   0.080  86.0  86.0  87.0  72.0  17.0  24.0   0.131  185.27 0 0 0 0 0 0
 16   0.210  -0.110   0.269   0.074  81.0  85.0  83.0  74.0  18.0  11.0   0.291  337.76 0 0 0 0 0 0
 17   0.220   0.491   0.480  -0.129  76.0  85.0  79.0  56.0  15.0  76.0   0.687   45.65 0 0 0 0 0 0
 18   0.230   0.217   0.341  -0.080  74.0  86.0  75.0  31.0  20.0  67.0   0.404   32.47 0 0 0 0 0 0
 19   0.240   0.041  -0.521   0.021  77.0  86.0  71.0  71.0  12.0  29.0   0.523  175.50 0 0 0 0 0 0
03 07 2022 19 38 52.000     1  2401 00000000 01110000  13.2 1487.5  96.7   0.5  -1.9   0.615  21.74     0     0 3  19
  1   0.060   0.069   0.103  -0.028 139.0 139.0 141.0  96.0  50.0  92.0   0.124   33.82 0 0 0 0 0 0
  2   0.070  -0.162  -0.049   0.002 128.0 132.0 132.0  43.0  71.0  37.0   0.169  253.17 0 0 0 0 0 0
  3   0.080  -0.163   0.024   0.036 120.0 127.0 123.0  51.0  60.0  34.0   0.165  278.38 0 0 0 0 0 0
  4   0.090  -0.051  -0.069   0.014 113.0 122.0 110.0  41.0  72.0  39.0   0.086  216.47 0 0 0 0 0 0
  5   0.100  -0.012  -0.118   0.007 110.0 118.0 103.0  73.0  85.0  60.0   0.119  185.81 0 0 0 0 0 0
  6   0.110   0.033  -0.074   0.021 107.0 115.0 101.0  28.0  90.0  69.0   0.081  155.97 0 0 0 0 0 0
  7   0.120  -0.030  -0.033   0.008 103.0 111.0  99.0  36.0  78.0  84.0   0.045  222.27 0 0 0 0 0 0
  8   0.130  -0.139  -0.076  -0.020  97.0 109.0  97.0  35.0  71.0  74.0   0.158  241.33 0 0 0 0 0 0
  9   0.140   0.312  -0.058   0.106  91.0 108.0  93.0  22.0  67.0  62.0   0.317  100.53 0 0 0 0 0 0
 10   0.150  -0.275   0.000  -0.021  88.0 110.0  94.0  22.0  78.0  72.0   0.275  270.00 0 0 0 0 0 0
 11   0.160   0.008  -0.115   0.027  94.0 107.0  98.0  56.0  77.0  95.0   0.115  176.02 0 0 0 0 0 0
 12   0.170   0.072  -0.153  -0.001 101.0 103.0  94.0  79.0  84.0  39.0   0.169  154.80 0 0 0 0 0 0
 13   0.180  -0.048  -0.046  -0.014 100.0 101.0  98.0  71.0  76.0  85.0   0.066  226.22 0 0 0 0 0 0
 14   0.190  -0.295  -0.102  -0.006  95.0  99.0  99.0  28.0  56.0  73.0   0.312  250.93 0 0 0 0 0 0
 15   0.200   0.093  -0.100   0.039  92.0  99.0  98.0  44.0  55.0  51.0   0.137  137.08 0 0 0 0 0 0
 16   0.210   0.023  -0.019   0.058  93.0 100.0 100.0  37.0  59.0  46.0   0.030  129.56 0 0 0 0 0 0
 17   0.220   0.083  -0.130   0.008  93.0 102.0 103.0  61.0  59.0  54.0   0.154  147.44 0 0 0 0 0 0
 18   0.230  -0.009  -0.108   0.016  93.0 102.0 103.0  25.0  26.0  59.0   0.108  184.76 0 0 0 0 0 0
 19   0.240   0.038  -0.237  -0.052  94.0 105.0 100.0  22.0  38.0  20.0   0.240  170.89 0 0 0 0 0 0
03 07 2022 19 43 52.000     1  2701 00000000 01110000  13.2 1487.6  96.7   0.5  -1.9   0.636  21.81     0     0 3  19
  1   0.060   0.048   0.117  -0.029 138.0 137.0 142.0  99.0  66.0  54.0   0.126   22.31 0 0 0 0 0 0
  2   0.070   0.030   0.133   0.004 133.0 126.0 132.0  97.0  49.0  80.0   0.136   12.71 0 0 0 0 0 0
  3   0.080  -0.068   0.075  -0.026 128.0 118.0 123.0  63.0  76.0  75.0   0.101  317.80 0 0 0 0 0 0
  4   0.090  -0.060   0.018  -0.031 117.0 110.0 114.0  54.0  70.0  49.0   0.063  286.70 0 0 0 0 0 0
  5   0.100   0.123  -0.105   0.000 109.0 106.0 106.0  32.0  75.0  44.0   0.162  130.49 0 0 0 0 0 0
  6   0.110  -0.113   0.322   0.069 107.0 105.0 100.0  81.0  79.0  22.0   0.341  340.66 0 0 0 0 0 0
  7   0.120  -0.123   0.276   0.041 106.0 103.0  95.0  81.0  84.0  32.0   0.302  335.98 0 0 0 0 0 0
  8   0.130  -0.008   0.062   0.034 104.0 101.0  95.0  70.0  93.0  49.0   0.063  352.65 0 0 0 0 0 0
  9   0.140   0.100  -0.030   0.025 101.0  98.0  95.0  59.0  91.0  58.0   0.104  106.70 0 0 0 0 0 0
 10   0.150  -0.019  -0.092   0.005  98.0  96.0  94.0  70.0  31.0  76.0   0.094  191.67 0 0 0 0 0 0
 11   0.160  -0.004  -0.026  -0.008  96.0  93.0  91.0  79.0  66.0  54.0   0.026  188.75 0 0 0 0 0 0
 12   0.170   0.071   0.004   0.014  92.0  95.0  93.0  76.0  88.0  92.0   0.071   86.78 0 0 0 0 0 0
 13   0.180  -0.007   0.035   0.012  93.0  97.0  93.0  95.0  89.0  73.0   0.036  348.69 0 0 0 0 0 0
 14   0.190   0.015  -0.008  -0.011  92.0  97.0  92.0  81.0  75.0  74.0   0.017  118.07 0 0 0 0 0 0
 15   0.200   0.060   0.034  -0.022  92.0  96.0  91.0  75.0  32.0  79.0   0.069   60.46 0 0 0 0 0 0
 16   0.210  -0.023   0.009   0.013  91.0  95.0  90.0  80.0  50.0  61.0   0.025  291.37 0 0 0 0 0 0
 17   0.220   0.115  -0.172  -0.052  89.0  93.0  89.0  73.0  58.0  17.0   0.207  146.23 0 0 0 0 0 0
 18   0.230  -0.061  -0.055  -0.036  91.0  94.0  88.0  46.0  52.0  28.0   0.082  227.96 0 0 0 0 0 0
 19   0.240   0.043  -0.001  -0.022  93.0  94.0  86.0  71.0  55.0  35.0   0.043   91.33 0 0 0 0 0 0
03 07 2022 19 48 52.000     1  3001 00000000 01110000  13.2 1487.8  96.8   0.4  -1.9   0.635  21.87     0     0 3  19
  1   0.060  -0.400  -0.369   0.187 137.0 138.0 143.0  75.0   7.0  77.0   0.544  227.31 0 0 0 0 0 0
  2   0.070  -0.551   0.069  -0.129 125.0 127.0 134.0  13.0  46.0  99.0   0.555  277.14 0 0 0 0 0 0
  3   0.080  -0.227   0.043  -0.049 114.0 122.0 127.0  10.0  85.0  90.0   0.231  280.73 0 0 0 0 0 0
  4   0.090  -0.041  -0.020  -0.026 101.0 114.0 113.0  48.0  70.0  75.0   0.046  244.00 0 0 0 0 0 0
  5   0.100   0.034   0.057  -0.017  95.0 109.0 102.0  82.0  75.0  76.0   0.066   30.82 0 0 0 0 0 0
  6   0.110   0.009  -0.008   0.001  90.0 110.0  95.0  77.0  91.0  64.0   0.012  131.63 0 0 0 0 0 0
  7   0.120  -0.097  -0.043   0.040  84.0 107.0  89.0  55.0  63.0  44.0   0.106  246.09 0 0 0 0 0 0
  8   0.130  -0.234   0.110  -0.012  81.0 102.0  85.0  43.0  72.0  22.0   0.259  295.18 0 0 0 0 0 0
  9   0.140  -0.093   0.024  -0.018  78.0 100.0  83.0  34.0  80.0  85.0   0.096  284.47 0 0 0 0 0 0
 10   0.150   0.039  -0.005   0.006  75.0  97.0  83.0  60.0  90.0  94.0   0.039   97.31 0 0 0 0 0 0
 11   0.160   0.097   0.012   0.029  72.0  92.0  83.0  16.0  60.0  92.0   0.098   82.95 0 0 0 0 0 0
 12   0.170   0.096   0.052  -0.003  72.0  87.0  85.0  65.0  63.0  76.0   0.109   61.56 0 0 0 0 0 0
 13   0.180   0.037   0.054  -0.001  73.0  87.0  86.0  61.0  75.0  92.0   0.065   34.42 0 0 0 0 0 0
 14   0.190   0.009   0.044   0.006  75.0  86.0  86.0  25.0  89.0  55.0   0.045   11.56 0 0 0 0 0 0
 15   0.200  -0.006  -0.005   0.010  77.0  84.0  93.0  80.0  86.0  91.0   0.008  230.19 0 0 0 0 0 0
 16   0.210  -0.022  -0.024   0.012  82.0  83.0  97.0  39.0  79.0  96.0   0.033  222.51 0 0 0 0 0 0
 17   0.220   0.274   0.003   0.085  80.0  83.0  97.0  15.0  88.0  90.0   0.274   89.37 0 0 0 0 0 0
 18   0.230   0.034   0.020   0.007  78.0  85.0 100.0  53.0  70.0  83.0   0.039   59.53 0 0 0 0 0 0
 19   0.240   0.084   0.046   0.012  79.0  81.0 101.0  59.0  12.0  65.0   0.096   61.29 0 0 0 0 0 0
03 07 2022 19 53 52.000     1  3301 00000000 01110000  13.2 1487.9  64.9   0.5  -1.8   0.635  21.89     0     0 3  19
  1   0.060   0.250   0.123   0.065 138.0 135.0 141.0  13.0  88.0 100.0   0.279   63.80 0 0 0 0 0 0
  2   0.070  -0.770  -0.224  -0.181 126.0 123.0 130.0  16.0  61.0  49.0   0.802  253.78 0 0 0 0 0 0
  3   0.080  -0.055  -0.041   0.011 114.0 113.0 119.0  18.0  66.0  77.0   0.069  233.30 0 0 0 0 0 0
  4   0.090  -0.102  -0.155  -0.019 100.0 103.0 107.0  15.0  27.0  78.0   0.186  213.35 0 0 0 0 0 0
  5   0.100   0.101  -0.081   0.049  91.0 101.0  99.0  22.0  15.0  72.0   0.129  128.73 0 0 0 0 0 0
  6   0.110   0.013   0.008   0.024  87.0 104.0  93.0  27.0  96.0  45.0   0.015   58.39 0 0 0 0 0 0
  7   0.120  -0.028  -0.074  -0.021  83.0 102.0  88.0  25.0  81.0  72.0   0.079  200.73 0 0 0 0 0 0
  8   0.130   0.040  -0.019   0.026  82.0  95.0  82.0  31.0  37.0  72.0   0.044  115.41 0 0 0 0 0 0
  9   0.140   0.048   0.101  -0.009  79.0  90.0  78.0  28.0  51.0  74.0   0.112   25.42 0 0 0 0 0 0
 10   0.150   0.125   0.118   0.005  76.0  85.0  80.0  67.0  52.0  93.0   0.172   46.65 0 0 0 0 0 0
 11   0.160   0.054  -0.009   0.021  73.0  79.0  78.0  35.0  45.0  79.0   0.055   99.46 0 0 0 0 0 0
 12   0.170  -0.077  -0.017  -0.048  68.0  76.0  73.0  34.0  81.0  78.0   0.079  257.55 0 0 0 0 0 0
 13   0.180   0.327   0.200   0.104  67.0  75.0  71.0  27.0  69.0  80.0   0.383   58.55 0 0 0 0 0 0
 14   0.190   0.414   0.200   0.123  66.0  76.0  70.0  10.0  85.0  60.0   0.460   64.22 0 0 0 0 0 0
 15   0.200  -0.074   0.013  -0.062  67.0  76.0  69.0  41.0  47.0  75.0   0.075  279.96 0 0 0 0 0 0
 16   0.210   0.042  -0.186   0.062  71.0  75.0  70.0  53.0  35.0  97.0   0.191  167.28 0 0 0 0 0 0
 17   0.220   0.039  -0.087  -0.008  71.0  76.0  68.0  65.0  70.0  55.0   0.095  155.85 0 0 0 0 0 0
 18   0.230   0.308   0.355  -0.050  72.0  73.0  69.0  22.0   6.0  66.0   0.470   40.95 0 0 0 0 0 0
 19   0.240  -0.273  -0.045  -0.150  75.0  72.0  71.0   9.0  24.0  36.0   0.277  260.64 0 0 0 0 0 0
03 07 2022 19 58 52.000     1  3601 00000000 01110000  13.2 1487.9  64.9   0.5  -1.8   0.633  21.88     0     0 3  19
  1   0.060   0.146  -0.894   0.314 137.0 134.0 141.0   0.0  14.0  70.0   0.906  170.72 0 0 0 0 0 0
  2   0.070   0.033   0.659  -0.179 125.0 122.0 130.0  96.0   1.0  93.0   0.660    2.87 0 0 0 0 0 0
  3   0.080  -0.620  -0.270  -0.121 113.0 115.0 119.0  16.0  75.0  50.0   0.676  246.47 0 0 0 0 0 0
  4   0.090   0.036  -0.323   0.011 102.0 102.0 104.0  80.0  38.0  27.0   0.325  173.64 0 0 0 0 0 0
  5   0.100  -0.700  -0.216  -0.197  99.0  91.0  91.0  15.0  65.0  69.0   0.733  252.85 0 0 0 0 0 0
  6   0.110  -0.289   0.331  -0.026  94.0  86.0  85.0  62.0  24.0  63.0   0.439  318.88 0 0 0 0 0 0
  7   0.120  -0.063  -0.045  -0.031  87.0  85.0  83.0  58.0  93.0  91.0   0.077  234.46 0 0 0 0 0 0
  8   0.130  -0.004  -0.163   0.063  82.0  81.0  83.0  76.0  50.0  98.0   0.163  181.41 0 0 0 0 0 0
  9   0.140   0.023  -0.040  -0.025  77.0  78.0  80.0  74.0  63.0  76.0   0.046  150.10 0 0 0 0 0 0
 10   0.150   0.236   0.070   0.030  74.0  76.0  79.0  32.0  58.0  46.0   0.246   73.48 0 0 0 0 0 0
 11   0.160  -0.127   0.065   0.062  71.0  75.0  77.0  74.0  61.0  36.0   0.143  297.10 0 0 0 0 0 0
 12   0.170  -0.002   0.095  -0.036  73.0  73.0  74.0  94.0  54.0  87.0   0.095  358.79 0 0 0 0 0 0
 13   0.180   0.133   0.093   0.029  71.0  71.0  81.0  16.0  48.0  98.0   0.162   55.04 0 0 0 0 0 0
 14   0.190   0.006  -0.137   0.045  70.0  69.0  91.0  61.0  11.0 100.0   0.137  177.49 0 0 0 0 0 0
 15   0.200   0.054   0.001   0.017  68.0  69.0  91.0  46.0  64.0  86.0   0.054   88.94 0 0 0 0 0 0
 16   0.210  -0.014  -0.035  -0.030  68.0  67.0  87.0  80.0  31.0  64.0   0.038  201.80 0 0 0 0 0 0
 17   0.220  -0.062   0.102  -0.033  68.0  68.0  85.0  74.0  20.0  89.0   0.119  328.71 0 0 0 0 0 0
 18   0.230  -0.025  -0.071  -0.024  68.0  79.0  80.0  64.0  65.0  78.0   0.075  199.40 0 0 0 0 0 0
 19   0.240   0.138   0.661  -0.192  78.0  79.0  76.0 100.0   3.0  25.0   0.675   11.79 0 0 0 0 0 0
03 07 2022 20 03 52.000     1  3901 00000000 01110000  13.2 1487.9  64.9   0.5  -1.8   0.636  21.89     0     0 3  19
  1   0.060   0.837   0.222   0.148 137.0 135.0 141.0  71.0  10.0  47.0   0.866   75.15 0 0 0 0 0 0
  2   0.070   0.148   0.052   0.059 125.0 122.0 131.0  62.0  39.0  91.0   0.157   70.64 0 0 0 0 0 0
  3   0.080   0.009  -0.007  -0.014 116.0 111.0 122.0  92.0  75.0  69.0   0.011  127.87 0 0 0 0 0 0
  4   0.090   0.002   0.010   0.005 102.0  98.0 108.0  88.0  87.0  77.0   0.010   11.31 0 0 0 0 0 0
  5   0.100   0.026  -0.012  -0.005  92.0  90.0  96.0  96.0  49.0  81.0   0.029  114.78 0 0 0 0 0 0
  6   0.110   0.085   0.021   0.023  88.0  90.0  89.0  74.0  68.0  88.0   0.088   76.12 0 0 0 0 0 0
  7   0.120  -0.066  -0.043  -0.024  85.0  88.0  86.0  46.0  89.0  93.0   0.079  236.92 0 0 0 0 0 0
  8   0.130  -0.025  -0.010   0.014  81.0  86.0  82.0  86.0  92.0  59.0   0.027  248.20 0 0 0 0 0 0
  9   0.140   0.060   0.013   0.003  77.0  82.0  77.0  18.0  90.0  63.0   0.061   77.77 0 0 0 0 0 0
 10   0.150  -0.051  -0.017  -0.014  75.0  80.0  75.0   7.0  97.0  62.0   0.054  251.57 0 0 0 0 0 0
 11   0.160   0.021  -0.035   0.017  73.0  78.0  74.0  39.0  77.0  83.0   0.041  149.04 0 0 0 0 0 0
 12   0.170   0.006  -0.144  -0.048  72.0  78.0  74.0  78.0  79.0  28.0   0.144  177.61 0 0 0 0 0 0
 13   0.180  -0.118  -0.039  -0.042  72.0  77.0  76.0  37.0  73.0  96.0   0.124  251.71 0 0 0 0 0 0
 14   0.190   0.000   0.003   0.005  80.0  82.0  77.0 100.0  99.0  97.0   0.003    0.00 0 0 0 0 0 0
 15   0.200   0.000  -0.024   0.000  81.0  85.0  74.0  97.0  57.0  89.0   0.024  180.00 0 0 0 0 0 0
 16   0.210  -0.006   0.018  -0.004  84.0  86.0  77.0  99.0  98.0  97.0   0.019  341.57 0 0 0 0 0 0
 17   0.220  -0.014  -0.030  -0.005  84.0  88.0  79.0  92.0  98.0  98.0   0.033  205.02 0 0 0 0 0 0
 18   0.230   0.077   0.026   0.004  85.0  86.0  76.0  76.0  50.0  71.0   0.081   71.34 0 0 0 0 0 0
 19   0.240  -0.057   0.096   0.017  90.0  81.0  72.0  94.0  33.0  26.0   0.112  329.30 0 0 0 0 0 0
03 07 2022 20 08 52.000     1  4201 00000000 01110000  13.2 1487.9  65.0   0.5  -1.8   0.637  21.90     0     0 3  19
  1   0.060  -0.022   0.263  -0.014 137.0 134.0 140.0  81.0   7.0  53.0   0.264  355.22 0 0 0 0 0 0
  2   0.070  -0.046  -0.182   0.045 129.0 121.0 132.0  83.0  28.0  90.0   0.188  194.18 0 0 0 0 0 0
  3   0.080  -0.080  -0.008  -0.035 119.0 110.0 125.0  55.0  27.0  85.0   0.080  264.29 0 0 0 0 0 0
  4   0.090  -0.073  -0.081   0.029 106.0 100.0 111.0  46.0  50.0  81.0   0.109  222.03 0 0 0 0 0 0
  5   0.100  -0.051  -0.013   0.006  97.0  93.0 101.0  43.0  48.0  86.0   0.053  255.70 0 0 0 0 0 0
  6   0.110  -0.126  -0.094  -0.033  93.0  87.0  95.0  24.0  52.0  86.0   0.157  233.28 0 0 0 0 0 0
  7   0.120  -0.005  -0.014   0.011  92.0  84.0  91.0  50.0  52.0  81.0   0.015  199.65 0 0 0 0 0 0
  8   0.130  -0.038  -0.043  -0.014  93.0  82.0  86.0  73.0  58.0  83.0   0.057  221.47 0 0 0 0 0 0
  9   0.140   0.048   0.009   0.012  92.0  86.0  85.0  31.0  96.0  89.0   0.049   79.38 0 0 0 0 0 0
 10   0.150  -0.036  -0.035  -0.007  90.0  87.0  84.0  46.0  78.0  76.0   0.050  225.81 0 0 0 0 0 0
 11   0.160  -0.039  -0.003   0.000  89.0  85.0  83.0  47.0  55.0  88.0   0.039  265.60 0 0 0 0 0 0
 12   0.170  -0.013  -0.010   0.028  85.0  80.0  79.0  37.0  31.0  50.0   0.016  232.43 0 0 0 0 0 0
 13   0.180   0.037   0.053   0.005  80.0  76.0  83.0  32.0  37.0  97.0   0.065   34.92 0 0 0 0 0 0
 14   0.190   0.218  -0.013   0.091  77.0  75.0  86.0   7.0  42.0  94.0   0.218   93.41 0 0 0 0 0 0
 15   0.200  -0.082   0.007  -0.030  76.0  74.0  86.0  43.0  48.0  72.0   0.082  274.88 0 0 0 0 0 0
 16   0.210  -0.077  -0.099   0.005  77.0  73.0  94.0  46.0  24.0  77.0   0.125  217.87 0 0 0 0 0 0
 17   0.220  -0.076  -0.075  -0.023  78.0  74.0  99.0  40.0  31.0  84.0   0.107  225.38 0 0 0 0 0 0
 18   0.230   0.007  -0.270   0.082  77.0  73.0  96.0  36.0  15.0  71.0   0.270  178.51 0 0 0 0 0 0
 19   0.240   0.019   0.366  -0.099  74.0  71.0 106.0  24.0  11.0  96.0   0.366    2.97 0 0 0 0 0 0
03 07 2022 20 13 52.000     1  4501 00000000 01110000  13.2 1488.0  65.2   0.5  -1.8   0.629  21.91     0     0 3  19
  1   0.060  -0.188   0.148   0.059 136.0 134.0 140.0 100.0  96.0   0.0   0.239  308.21 0 0 0 0 0 0
  2   0.070   0.062  -0.007   0.001 130.0 130.0 130.0  99.0  85.0  78.0   0.062   96.44 0 0 0 0 0 0
  3   0.080   0.044  -0.022   0.012 125.0 131.0 119.0  90.0  99.0  88.0   0.049  116.57 0 0 0 0 0 0
  4   0.090   0.064   0.000   0.007 118.0 121.0 105.0  90.0  85.0  93.0   0.064   90.00 0 0 0 0 0 0
  5   0.100   0.135   0.088  -0.028 111.0 104.0  94.0  85.0  70.0  49.0   0.161   56.90 0 0 0 0 0 0
  6   0.110   0.111   0.083  -0.059 108.0  95.0  88.0  89.0  47.0  26.0   0.139   53.21 0 0 0 0 0 0
  7   0.120  -0.035   0.137   0.008 105.0  86.0  88.0  90.0  41.0  87.0   0.141  345.67 0 0 0 0 0 0
  8   0.130   0.028   0.435  -0.066 101.0  80.0  94.0  60.0  50.0  68.0   0.436    3.68 0 0 0 0 0 0
  9   0.140   0.027  -0.020   0.041  94.0  74.0 100.0  80.0  50.0  99.0   0.034  126.53 0 0 0 0 0 0
 10   0.150  -0.043   0.061  -0.012  90.0  71.0 100.0  89.0  71.0  99.0   0.075  324.82 0 0 0 0 0 0
 11   0.160   0.008   0.000  -0.004  80.0  67.0  98.0  71.0  46.0  95.0   0.008   90.00 0 0 0 0 0 0
 12   0.170  -0.141   0.032  -0.052  74.0  66.0  93.0  59.0  72.0  81.0   0.145  282.79 0 0 0 0 0 0
 13   0.180   0.015   0.031   0.001  72.0  65.0 100.0  54.0  93.0 100.0   0.034   25.82 0 0 0 0 0 0
 14   0.190  -0.060  -0.022  -0.015  73.0  68.0  99.0  82.0  97.0  99.0   0.064  249.86 0 0 0 0 0 0
 15   0.200   0.065   0.094  -0.001  76.0  69.0  92.0  70.0  48.0  87.0   0.114   34.66 0 0 0 0 0 0
 16   0.210   0.028   0.062  -0.015  79.0  68.0  87.0  81.0  94.0  70.0   0.068   24.30 0 0 0 0 0 0
 17   0.220   0.021   0.077  -0.011  82.0  68.0  86.0  97.0  78.0  98.0   0.080   15.26 0 0 0 0 0 0
 18   0.230  -0.068  -0.172   0.022  74.0  66.0  80.0  15.0  35.0   6.0   0.185  201.57 0 0 0 0 0 0
 19   0.240   0.781   0.025   0.039  68.0  70.0  72.0  16.0  34.0  11.0   0.781   88.17 0 0 0 0 0 0
